Register A: 45483412
Register B: 0
Register C: 0

Program: 2,4,1,3,7,5,0,3,4,1,1,5,5,5,3,0
100
011
111


2,4 bst A  B = (A % 8) & 0b111;         [45483412, 4, 0]
1,3 bxl 3  B = B ^ 3 = B ^ 0b011        [45483412, 7, 0]
7,5 cdv B  C = A / 2**B                 [45483412, 7, 355339]
0,3 adv 3  A = A / 2**3 = A / 8         [5685426, 7, 355339] 
4,1 bxc    B = B ^ C                    [5685426, 355340, 355339] 
1,5 bxl 5  B = B ^ 5                    [5685426, 355337, 355339] 
5,5 out B  OUT B % 8                    [5685426, 355337, 355339]  -> 1 
3,0 jnz 0  if not zero go back to top   



b=7 
#c=a / 2**7 = a/128
c=a/128
a=a/8


b+2 is a multiple of 8


35184372088832 6,6,6,6,6,6,6,6,6,6,6,6,6,6,7,7
35184372088833 7,6,6,6,6,6,6,6,6,6,6,6,6,6,7,7
35184372088834 5,6,6,6,6,6,6,6,6,6,6,6,6,6,7,7
35184372088835 6,6,6,6,6,6,6,6,6,6,6,6,6,6,7,7
35184372088836 2,6,6,6,6,6,6,6,6,6,6,6,6,6,7,7
35184372088837 3,6,6,6,6,6,6,6,6,6,6,6,6,6,7,7
35184372088838 0,6,6,6,6,6,6,6,6,6,6,6,6,6,7,7
35184372088839 1,6,6,6,6,6,6,6,6,6,6,6,6,6,7,7
35184372088840 7,7,6,6,6,6,6,6,6,6,6,6,6,6,7,7
35184372088841 5,7,6,6,6,6,6,6,6,6,6,6,6,6,7,7
35184372088842 1,7,6,6,6,6,6,6,6,6,6,6,6,6,7,7
35184372088843 6,7,6,6,6,6,6,6,6,6,6,6,6,6,7,7
35184372088844 2,7,6,6,6,6,6,6,6,6,6,6,6,6,7,7
35184372088845 3,7,6,6,6,6,6,6,6,6,6,6,6,6,7,7
35184372088846 0,7,6,6,6,6,6,6,6,6,6,6,6,6,7,7
35184372088847 1,7,6,6,6,6,6,6,6,6,6,6,6,6,7,7
35184372088848 4,5,6,6,6,6,6,6,6,6,6,6,6,6,7,7
35184372088849 3,5,6,6,6,6,6,6,6,6,6,6,6,6,7,7
35184372088850 5,5,6,6,6,6,6,6,6,6,6,6,6,6,7,7
35184372088851 6,5,6,6,6,6,6,6,6,6,6,6,6,6,7,7
35184372088852 2,5,6,6,6,6,6,6,6,6,6,6,6,6,7,7
35184372088853 3,5,6,6,6,6,6,6,6,6,6,6,6,6,7,7
35184372088854 0,5,6,6,6,6,6,6,6,6,6,6,6,6,7,7
35184372088855 0,5,6,6,6,6,6,6,6,6,6,6,6,6,7,7
35184372088856 5,6,6,6,6,6,6,6,6,6,6,6,6,6,7,7
35184372088857 1,6,6,6,6,6,6,6,6,6,6,6,6,6,7,7
35184372088858 1,6,6,6,6,6,6,6,6,6,6,6,6,6,7,7
35184372088859 6,6,6,6,6,6,6,6,6,6,6,6,6,6,7,7
35184372088860 2,6,6,6,6,6,6,6,6,6,6,6,6,6,7,7
35184372088861 3,6,6,6,6,6,6,6,6,6,6,6,6,6,7,7
35184372088862 0,6,6,6,6,6,6,6,6,6,6,6,6,6,7,7

35184372088832 6,6,6,6,6,6,6,6,6,6,6,6,6,6,7,7
35184372088833 7,6,6,6,6,6,6,6,6,6,6,6,6,6,7,7
35184372088834 5,6,6,6,6,6,6,6,6,6,6,6,6,6,7,7
35184372088835 6,6,6,6,6,6,6,6,6,6,6,6,6,6,7,7
35184372088836 2,6,6,6,6,6,6,6,6,6,6,6,6,6,7,7
35184372088837 3,6,6,6,6,6,6,6,6,6,6,6,6,6,7,7
35184372088838 0,6,6,6,6,6,6,6,6,6,6,6,6,6,7,7
35184372088839 1,6,6,6,6,6,6,6,6,6,6,6,6,6,7,7
35184372088840 7,7,6,6,6,6,6,6,6,6,6,6,6,6,7,7
35184372088841 5,7,6,6,6,6,6,6,6,6,6,6,6,6,7,7
35184372088842 1,7,6,6,6,6,6,6,6,6,6,6,6,6,7,7
35184372088843 6,7,6,6,6,6,6,6,6,6,6,6,6,6,7,7
35184372088844 2,7,6,6,6,6,6,6,6,6,6,6,6,6,7,7
35184372088845 3,7,6,6,6,6,6,6,6,6,6,6,6,6,7,7
35184372088846 0,7,6,6,6,6,6,6,6,6,6,6,6,6,7,7
35184372088847 1,7,6,6,6,6,6,6,6,6,6,6,6,6,7,7
35184372088848 4,5,6,6,6,6,6,6,6,6,6,6,6,6,7,7
35184372088849 3,5,6,6,6,6,6,6,6,6,6,6,6,6,7,7
35184372088850 5,5,6,6,6,6,6,6,6,6,6,6,6,6,7,7
35184372088851 6,5,6,6,6,6,6,6,6,6,6,6,6,6,7,7
35184372088852 2,5,6,6,6,6,6,6,6,6,6,6,6,6,7,7
35184372088853 3,5,6,6,6,6,6,6,6,6,6,6,6,6,7,7
35184372088854 0,5,6,6,6,6,6,6,6,6,6,6,6,6,7,7
35184372088855 0,5,6,6,6,6,6,6,6,6,6,6,6,6,7,7
35184372088856 5,6,6,6,6,6,6,6,6,6,6,6,6,6,7,7
35184372088857 1,6,6,6,6,6,6,6,6,6,6,6,6,6,7,7
35184372088858 1,6,6,6,6,6,6,6,6,6,6,6,6,6,7,7
35184372088859 6,6,6,6,6,6,6,6,6,6,6,6,6,6,7,7
35184372088860 2,6,6,6,6,6,6,6,6,6,6,6,6,6,7,7
35184372088861 3,6,6,6,6,6,6,6,6,6,6,6,6,6,7,7
35184372088862 0,6,6,6,6,6,6,6,6,6,6,6,6,6,7,7

211106232532992
250000000000000
1000000
235982683111429